xstep ystep diode current -8.893888E-09
90	55	-1.650735E-08
91	55	-1.682482E-08
92	55	-1.705167E-08
93	55	-1.708872E-08
94	55	-1.742645E-08
95	55	-1.762976E-08
96	55	-1.805470E-08
97	55	-1.804195E-08
98	55	-1.848383E-08
99	55	-1.849747E-08
100	55	-1.853640E-08
101	55	-1.889341E-08
102	55	-1.875185E-08
103	55	-1.888417E-08
104	55	-1.911524E-08
105	55	-1.891668E-08
106	55	-1.902852E-08
107	55	-1.870810E-08
108	55	-1.907379E-08
109	55	-1.856224E-08
110	55	-1.863210E-08
111	55	-1.843183E-08
112	55	-1.844812E-08
113	55	-1.825540E-08
114	55	-1.805802E-08
115	55	-1.811514E-08
90	56	-1.785021E-08
91	56	-1.790091E-08
92	56	-1.834451E-08
93	56	-1.883083E-08
94	56	-1.899631E-08
95	56	-1.929468E-08
96	56	-1.925175E-08
97	56	-1.942947E-08
98	56	-1.978993E-08
99	56	-1.980978E-08
100	56	-2.025836E-08
101	56	-2.011586E-08
102	56	-2.013065E-08
103	56	-2.016973E-08
104	56	-2.030721E-08
105	56	-2.016583E-08
106	56	-2.028163E-08
107	56	-2.012147E-08
108	56	-2.013741E-08
109	56	-2.001681E-08
110	56	-2.014770E-08
111	56	-1.978640E-08
112	56	-1.960285E-08
113	56	-1.957894E-08
114	56	-1.931445E-08
115	56	-1.906972E-08
90	57	-1.914986E-08
91	57	-1.915305E-08
92	57	-1.981929E-08
93	57	-1.990766E-08
94	57	-2.011226E-08
95	57	-2.028404E-08
96	57	-2.081363E-08
97	57	-2.095594E-08
98	57	-2.111465E-08
99	57	-2.112542E-08
100	57	-2.151153E-08
101	57	-2.167508E-08
102	57	-2.143450E-08
103	57	-2.157278E-08
104	57	-2.150113E-08
105	57	-2.176685E-08
106	57	-2.152302E-08
107	57	-2.165181E-08
108	57	-2.129933E-08
109	57	-2.116367E-08
110	57	-2.139715E-08
111	57	-2.105379E-08
112	57	-2.101279E-08
113	57	-2.089135E-08
114	57	-2.062298E-08
115	57	-2.023325E-08
90	58	-2.012994E-08
91	58	-2.051403E-08
92	58	-2.065343E-08
93	58	-2.086434E-08
94	58	-2.119910E-08
95	58	-2.138192E-08
96	58	-2.174034E-08
97	58	-2.185984E-08
98	58	-2.232483E-08
99	58	-2.245604E-08
100	58	-2.265554E-08
101	58	-2.276641E-08
102	58	-2.297467E-08
103	58	-2.273115E-08
104	58	-2.285603E-08
105	58	-2.260016E-08
106	58	-2.288793E-08
107	58	-2.251699E-08
108	58	-2.261572E-08
109	58	-2.268918E-08
110	58	-2.211820E-08
111	58	-2.209958E-08
112	58	-2.221545E-08
113	58	-2.179921E-08
114	58	-2.166307E-08
115	58	-2.116223E-08
90	59	-2.095132E-08
91	59	-2.129529E-08
92	59	-2.187639E-08
93	59	-2.202676E-08
94	59	-2.226147E-08
95	59	-2.272730E-08
96	59	-2.286639E-08
97	59	-2.312954E-08
98	59	-2.338907E-08
99	59	-2.353241E-08
100	59	-2.378362E-08
101	59	-2.395872E-08
102	59	-2.474246E-08
103	59	-2.489951E-08
104	59	-2.454352E-08
105	59	-2.399651E-08
106	59	-2.400196E-08
107	59	-2.362222E-08
108	59	-2.358255E-08
109	59	-2.338024E-08
110	59	-2.326814E-08
111	59	-2.300689E-08
112	59	-2.298809E-08
113	59	-2.262301E-08
114	59	-2.232783E-08
115	59	-2.217022E-08
90	60	-2.188852E-08
91	60	-2.218480E-08
92	60	-2.248345E-08
93	60	-2.275353E-08
94	60	-2.313159E-08
95	60	-2.326877E-08
96	60	-2.359788E-08
97	60	-2.405742E-08
98	60	-2.469145E-08
99	60	-2.509638E-08
100	60	-2.651027E-08
101	60	-2.813820E-08
102	60	-2.985804E-08
103	60	-3.061294E-08
104	60	-2.960189E-08
105	60	-2.766757E-08
106	60	-2.540265E-08
107	60	-2.429874E-08
108	60	-2.429002E-08
109	60	-2.408392E-08
110	60	-2.415265E-08
111	60	-2.363322E-08
112	60	-2.347824E-08
113	60	-2.342030E-08
114	60	-2.299578E-08
115	60	-2.290548E-08
90	61	-2.261743E-08
91	61	-2.314649E-08
92	61	-2.341459E-08
93	61	-2.355548E-08
94	61	-2.401794E-08
95	61	-2.431818E-08
96	61	-2.463060E-08
97	61	-2.579433E-08
98	61	-2.631387E-08
99	61	-2.813604E-08
100	61	-3.123311E-08
101	61	-3.477620E-08
102	61	-3.688986E-08
103	61	-3.712860E-08
104	61	-3.568515E-08
105	61	-3.289449E-08
106	61	-2.913325E-08
107	61	-2.544355E-08
108	61	-2.476041E-08
109	61	-2.437737E-08
110	61	-2.461603E-08
111	61	-2.432162E-08
112	61	-2.396743E-08
113	61	-2.376569E-08
114	61	-2.352370E-08
115	61	-2.330777E-08
90	62	-2.329125E-08
91	62	-2.376012E-08
92	62	-2.432290E-08
93	62	-2.403340E-08
94	62	-2.449223E-08
95	62	-2.508710E-08
96	62	-2.607270E-08
97	62	-2.776038E-08
98	62	-2.920463E-08
99	62	-3.352713E-08
100	62	-3.820784E-08
101	62	-4.265102E-08
102	62	-4.430478E-08
103	62	-4.392695E-08
104	62	-4.230666E-08
105	62	-3.872462E-08
106	62	-3.419548E-08
107	62	-2.857183E-08
108	62	-2.534943E-08
109	62	-2.501715E-08
110	62	-2.450052E-08
111	62	-2.451569E-08
112	62	-2.412714E-08
113	62	-2.428916E-08
114	62	-2.414373E-08
115	62	-2.352363E-08
90	63	-2.401414E-08
91	63	-2.436956E-08
92	63	-2.451529E-08
93	63	-2.480078E-08
94	63	-2.561664E-08
95	63	-2.666862E-08
96	63	-2.848448E-08
97	63	-2.986042E-08
98	63	-3.400214E-08
99	63	-4.001731E-08
100	63	-4.680274E-08
101	63	-5.096794E-08
102	63	-5.283660E-08
103	63	-5.178049E-08
104	63	-4.925365E-08
105	63	-4.477991E-08
106	63	-3.994626E-08
107	63	-3.310937E-08
108	63	-2.697219E-08
109	63	-2.519470E-08
110	63	-2.503056E-08
111	63	-2.472827E-08
112	63	-2.442252E-08
113	63	-2.457963E-08
114	63	-2.405641E-08
115	63	-2.422328E-08
90	64	-2.451208E-08
91	64	-2.514672E-08
92	64	-2.510412E-08
93	64	-2.549888E-08
94	64	-2.644014E-08
95	64	-2.856951E-08
96	64	-3.057994E-08
97	64	-3.370410E-08
98	64	-4.029330E-08
99	64	-4.906116E-08
100	64	-5.642883E-08
101	64	-6.055696E-08
102	64	-6.179340E-08
103	64	-6.087668E-08
104	64	-5.710494E-08
105	64	-5.192469E-08
106	64	-4.561200E-08
107	64	-3.839500E-08
108	64	-2.960080E-08
109	64	-2.560856E-08
110	64	-2.514562E-08
111	64	-2.479207E-08
112	64	-2.479232E-08
113	64	-2.417854E-08
114	64	-2.448315E-08
115	64	-2.447703E-08
90	65	-2.475822E-08
91	65	-2.516718E-08
92	65	-2.580661E-08
93	65	-2.615222E-08
94	65	-2.815055E-08
95	65	-3.044200E-08
96	65	-3.346322E-08
97	65	-3.885305E-08
98	65	-4.870559E-08
99	65	-5.927534E-08
100	65	-6.827207E-08
101	65	-7.384267E-08
102	65	-7.923251E-08
103	65	-7.661185E-08
104	65	-6.691433E-08
105	65	-5.978581E-08
106	65	-5.194255E-08
107	65	-4.372895E-08
108	65	-3.376303E-08
109	65	-2.651136E-08
110	65	-2.513479E-08
111	65	-2.476757E-08
112	65	-2.468961E-08
113	65	-2.470218E-08
114	65	-2.467613E-08
115	65	-2.446322E-08
90	66	-2.563255E-08
91	66	-2.590820E-08
92	66	-2.589476E-08
93	66	-2.735260E-08
94	66	-3.000834E-08
95	66	-3.354713E-08
96	66	-3.754921E-08
97	66	-4.706979E-08
98	66	-5.990189E-08
99	66	-8.686608E-08
100	66	-1.971808E-07
101	66	-3.746198E-07
102	66	-4.961874E-07
103	66	-5.096153E-07
104	66	-4.202678E-07
105	66	-2.512059E-07
106	66	-7.642131E-08
107	66	-4.988814E-08
108	66	-3.797810E-08
109	66	-2.752497E-08
110	66	-2.497022E-08
111	66	-2.506550E-08
112	66	-2.487467E-08
113	66	-2.474879E-08
114	66	-2.493234E-08
115	66	-2.491085E-08
90	67	-2.607056E-08
91	67	-2.604265E-08
92	67	-2.663938E-08
93	67	-2.828884E-08
94	67	-3.235258E-08
95	67	-3.650706E-08
96	67	-4.326716E-08
97	67	-5.605531E-08
98	67	-1.215527E-07
99	67	-3.919669E-07
100	67	-7.149499E-07
101	67	-8.410769E-07
102	67	-8.330763E-07
103	67	-7.975647E-07
104	67	-7.567313E-07
105	67	-6.925843E-07
106	67	-4.608805E-07
107	67	-1.458628E-07
108	67	-4.355726E-08
109	67	-2.897200E-08
110	67	-2.489677E-08
111	67	-2.499700E-08
112	67	-2.508818E-08
113	67	-2.514793E-08
114	67	-2.509415E-08
115	67	-2.487792E-08
90	68	-2.622499E-08
91	68	-2.662467E-08
92	68	-2.712799E-08
93	68	-2.982690E-08
94	68	-3.493337E-08
95	68	-4.037876E-08
96	68	-4.884136E-08
97	68	-1.046258E-07
98	68	-4.316583E-07
99	68	-8.220375E-07
100	68	-9.013203E-07
101	68	-8.721900E-07
102	68	-8.380938E-07
103	68	-8.017736E-07
104	68	-7.621083E-07
105	68	-7.195198E-07
106	68	-6.731980E-07
107	68	-4.836472E-07
108	68	-1.135679E-07
109	68	-3.162434E-08
110	68	-2.486986E-08
111	68	-2.501316E-08
112	68	-2.503324E-08
113	68	-2.522528E-08
114	68	-2.571339E-08
115	68	-2.548833E-08
90	69	-2.672535E-08
91	69	-2.679700E-08
92	69	-2.789962E-08
93	69	-3.164920E-08
94	69	-3.777269E-08
95	69	-4.338942E-08
96	69	-5.907031E-08
97	69	-2.932015E-07
98	69	-7.776122E-07
99	69	-9.294538E-07
100	69	-9.034006E-07
101	69	-8.703331E-07
102	69	-8.362844E-07
103	69	-8.003146E-07
104	69	-7.622529E-07
105	69	-7.218694E-07
106	69	-6.782815E-07
107	69	-6.284293E-07
108	69	-3.537699E-07
109	69	-3.923237E-08
110	69	-2.486745E-08
111	69	-2.521338E-08
112	69	-2.532784E-08
113	69	-2.602980E-08
114	69	-2.597554E-08
115	69	-2.622657E-08
90	70	-2.688459E-08
91	70	-2.720625E-08
92	70	-2.898891E-08
93	70	-3.276768E-08
94	70	-4.027654E-08
95	70	-4.563145E-08
96	70	-1.077628E-07
97	70	-5.343093E-07
98	70	-9.146783E-07
99	70	-9.337706E-07
100	70	-8.976124E-07
101	70	-8.655078E-07
102	70	-8.318199E-07
103	70	-7.959190E-07
104	70	-7.581936E-07
105	70	-7.183967E-07
106	70	-6.767805E-07
107	70	-6.314832E-07
108	70	-5.297266E-07
109	70	-1.124056E-07
110	70	-2.535239E-08
111	70	-2.552843E-08
112	70	-2.625320E-08
113	70	-2.702163E-08
114	70	-2.752540E-08
115	70	-2.751623E-08
90	71	-2.728057E-08
91	71	-2.776743E-08
92	71	-2.952196E-08
93	71	-3.357306E-08
94	71	-4.210378E-08
95	71	-4.650317E-08
96	71	-1.754689E-07
97	71	-6.867373E-07
98	71	-9.352424E-07
99	71	-9.181505E-07
100	71	-8.909047E-07
101	71	-8.592560E-07
102	71	-8.256704E-07
103	71	-7.891586E-07
104	71	-7.520520E-07
105	71	-7.132058E-07
106	71	-6.731885E-07
107	71	-6.295937E-07
108	71	-5.758018E-07
109	71	-2.047512E-07
110	71	-2.583219E-08
111	71	-2.663912E-08
112	71	-2.741067E-08
113	71	-2.783610E-08
114	71	-2.845930E-08
115	71	-2.847838E-08
90	72	-2.741293E-08
91	72	-2.800024E-08
92	72	-2.997374E-08
93	72	-3.431726E-08
94	72	-4.256377E-08
95	72	-4.739210E-08
96	72	-2.118597E-07
97	72	-7.366510E-07
98	72	-9.303724E-07
99	72	-9.123548E-07
100	72	-8.847773E-07
101	72	-8.534299E-07
102	72	-8.205456E-07
103	72	-7.854248E-07
104	72	-7.489780E-07
105	72	-7.103302E-07
106	72	-6.701661E-07
107	72	-6.270045E-07
108	72	-5.806799E-07
109	72	-2.468515E-07
110	72	-2.658069E-08
111	72	-2.755586E-08
112	72	-2.885152E-08
113	72	-2.956520E-08
114	72	-3.021963E-08
115	72	-3.033080E-08
90	73	-2.773961E-08
91	73	-2.814411E-08
92	73	-2.984672E-08
93	73	-3.390983E-08
94	73	-4.211311E-08
95	73	-4.695248E-08
96	73	-1.932283E-07
97	73	-7.040845E-07
98	73	-9.178595E-07
99	73	-9.162946E-07
100	73	-8.795398E-07
101	73	-8.493882E-07
102	73	-8.160058E-07
103	73	-7.822032E-07
104	73	-7.461879E-07
105	73	-7.078910E-07
106	73	-6.675378E-07
107	73	-6.245563E-07
108	73	-5.751129E-07
109	73	-2.166373E-07
110	73	-2.829588E-08
111	73	-2.937675E-08
112	73	-3.011461E-08
113	73	-3.117973E-08
114	73	-3.176124E-08
115	73	-3.141592E-08
90	74	-2.814009E-08
91	74	-2.835023E-08
92	74	-2.969724E-08
93	74	-3.342321E-08
94	74	-4.064217E-08
95	74	-4.575649E-08
96	74	-1.303592E-07
97	74	-5.813808E-07
98	74	-8.887422E-07
99	74	-8.945935E-07
100	74	-8.710871E-07
101	74	-8.418854E-07
102	74	-8.091982E-07
103	74	-7.744099E-07
104	74	-7.390366E-07
105	74	-7.025042E-07
106	74	-6.640107E-07
107	74	-6.208987E-07
108	74	-5.429673E-07
109	74	-1.271256E-07
110	74	-2.968696E-08
111	74	-3.042828E-08
112	74	-3.126953E-08
113	74	-3.190297E-08
114	74	-3.233923E-08
115	74	-3.218513E-08
90	75	-2.810549E-08
91	75	-2.836053E-08
92	75	-2.951800E-08
93	75	-3.239958E-08
94	75	-3.853236E-08
95	75	-4.369747E-08
96	75	-6.895196E-08
97	75	-3.553325E-07
98	75	-7.889415E-07
99	75	-8.799709E-07
100	75	-8.589263E-07
101	75	-8.309070E-07
102	75	-7.990565E-07
103	75	-7.652721E-07
104	75	-7.310037E-07
105	75	-6.946858E-07
106	75	-6.549623E-07
107	75	-6.101956E-07
108	75	-3.964374E-07
109	75	-4.696270E-08
110	75	-3.069911E-08
111	75	-3.135705E-08
112	75	-3.195482E-08
113	75	-3.258323E-08
114	75	-3.271337E-08
115	75	-3.260441E-08
90	76	-2.808351E-08
91	76	-2.837116E-08
92	76	-2.897151E-08
93	76	-3.121623E-08
94	76	-3.589886E-08
95	76	-4.074224E-08
96	76	-5.001811E-08
97	76	-1.369096E-07
98	76	-5.097337E-07
99	76	-8.213259E-07
100	76	-8.468775E-07
101	76	-8.201321E-07
102	76	-7.894897E-07
103	76	-7.574241E-07
104	76	-7.230750E-07
105	76	-6.853791E-07
106	76	-6.421698E-07
107	76	-5.243162E-07
108	76	-1.328595E-07
109	76	-3.677835E-08
110	76	-3.153922E-08
111	76	-3.184285E-08
112	76	-3.218785E-08
113	76	-3.279218E-08
114	76	-3.284398E-08
115	76	-3.292610E-08
90	77	-2.787311E-08
91	77	-2.811102E-08
92	77	-2.843571E-08
93	77	-3.021628E-08
94	77	-3.349082E-08
95	77	-3.696067E-08
96	77	-4.443311E-08
97	77	-5.837295E-08
98	77	-1.615457E-07
99	77	-4.778746E-07
100	77	-7.436436E-07
101	77	-8.025007E-07
102	77	-7.775475E-07
103	77	-7.445757E-07
104	77	-7.091302E-07
105	77	-6.677921E-07
106	77	-5.006600E-07
107	77	-1.606880E-07
108	77	-4.679875E-08
109	77	-3.481356E-08
110	77	-3.189091E-08
111	77	-3.233009E-08
112	77	-3.264218E-08
113	77	-3.261158E-08
114	77	-3.299961E-08
115	77	-3.277377E-08
90	78	-2.787081E-08
91	78	-2.832266E-08
92	78	-2.822793E-08
93	78	-2.910804E-08
94	78	-3.153604E-08
95	78	-3.448781E-08
96	78	-3.860139E-08
97	78	-4.845296E-08
98	78	-6.080616E-08
99	78	-1.026030E-07
100	78	-2.563174E-07
101	78	-4.430389E-07
102	78	-5.460219E-07
103	78	-5.487203E-07
104	78	-4.540425E-07
105	78	-2.698044E-07
106	78	-7.901867E-08
107	78	-5.141889E-08
108	78	-4.171707E-08
109	78	-3.330450E-08
110	78	-3.177454E-08
111	78	-3.232879E-08
112	78	-3.247531E-08
113	78	-3.270782E-08
114	78	-3.266317E-08
115	78	-3.262749E-08
90	79	-2.768344E-08
91	79	-2.816502E-08
92	79	-2.825074E-08
93	79	-2.852179E-08
94	79	-3.002169E-08
95	79	-3.218377E-08
96	79	-3.445068E-08
97	79	-4.106480E-08
98	79	-4.982010E-08
99	79	-5.938127E-08
100	79	-6.622852E-08
101	79	-7.200365E-08
102	79	-7.800627E-08
103	79	-7.374425E-08
104	79	-6.388877E-08
105	79	-5.857830E-08
106	79	-5.220479E-08
107	79	-4.536180E-08
108	79	-3.740642E-08
109	79	-3.156586E-08
110	79	-3.161770E-08
111	79	-3.189738E-08
112	79	-3.229895E-08
113	79	-3.243255E-08
114	79	-3.231814E-08
115	79	-3.253834E-08
90	80	-2.743846E-08
91	80	-2.797372E-08
92	80	-2.818716E-08
93	80	-2.824913E-08
94	80	-2.907155E-08
95	80	-3.051307E-08
96	80	-3.200438E-08
97	80	-3.576834E-08
98	80	-4.198382E-08
99	80	-4.959997E-08
100	80	-5.534035E-08
101	80	-5.845693E-08
102	80	-5.904649E-08
103	80	-5.771111E-08
104	80	-5.513704E-08
105	80	-5.061358E-08
106	80	-4.582344E-08
107	80	-4.015995E-08
108	80	-3.338949E-08
109	80	-2.979422E-08
110	80	-3.077280E-08
111	80	-3.115541E-08
112	80	-3.179013E-08
113	80	-3.189097E-08
114	80	-3.180569E-08
115	80	-3.169259E-08
90	81	-2.727293E-08
91	81	-2.774907E-08
92	81	-2.800780E-08
93	81	-2.769990E-08
94	81	-2.817759E-08
95	81	-2.927745E-08
96	81	-3.017283E-08
97	81	-3.186896E-08
98	81	-3.639183E-08
99	81	-4.172228E-08
100	81	-4.681595E-08
101	81	-4.976320E-08
102	81	-5.079610E-08
103	81	-4.969115E-08
104	81	-4.734893E-08
105	81	-4.404531E-08
106	81	-4.017425E-08
107	81	-3.504317E-08
108	81	-3.006303E-08
109	81	-2.890807E-08
110	81	-2.948816E-08
111	81	-3.013161E-08
112	81	-3.057860E-08
113	81	-3.118868E-08
114	81	-3.120305E-08
115	81	-3.135894E-08
90	82	-2.732187E-08
91	82	-2.771637E-08
92	82	-2.753332E-08
93	82	-2.774083E-08
94	82	-2.740891E-08
95	82	-2.777616E-08
96	82	-2.874071E-08
97	82	-2.943381E-08
98	82	-3.168667E-08
99	82	-3.551121E-08
100	82	-3.989800E-08
101	82	-4.238489E-08
102	82	-4.344658E-08
103	82	-4.304182E-08
104	82	-4.110255E-08
105	82	-3.875565E-08
106	82	-3.500145E-08
107	82	-3.078521E-08
108	82	-2.769041E-08
109	82	-2.785813E-08
110	82	-2.824248E-08
111	82	-2.908789E-08
112	82	-2.951674E-08
113	82	-2.965110E-08
114	82	-2.997229E-08
115	82	-3.005778E-08
90	83	-2.720880E-08
91	83	-2.712992E-08
92	83	-2.728250E-08
93	83	-2.740428E-08
94	83	-2.712955E-08
95	83	-2.699323E-08
96	83	-2.748607E-08
97	83	-2.778103E-08
98	83	-2.868679E-08
99	83	-3.041597E-08
100	83	-3.341739E-08
101	83	-3.591077E-08
102	83	-3.725539E-08
103	83	-3.678010E-08
104	83	-3.564089E-08
105	83	-3.331471E-08
106	83	-3.022847E-08
107	83	-2.726783E-08
108	83	-2.693922E-08
109	83	-2.664573E-08
110	83	-2.700713E-08
111	83	-2.775605E-08
112	83	-2.822023E-08
113	83	-2.873891E-08
114	83	-2.908310E-08
115	83	-2.928985E-08
90	84	-2.698106E-08
91	84	-2.697390E-08
92	84	-2.697335E-08
93	84	-2.696083E-08
94	84	-2.675820E-08
95	84	-2.683719E-08
96	84	-2.640913E-08
97	84	-2.647925E-08
98	84	-2.678404E-08
99	84	-2.732194E-08
100	84	-2.827782E-08
101	84	-3.000909E-08
102	84	-3.096223E-08
103	84	-3.118946E-08
104	84	-3.041771E-08
105	84	-2.833223E-08
106	84	-2.655797E-08
107	84	-2.591165E-08
108	84	-2.571054E-08
109	84	-2.585879E-08
110	84	-2.609419E-08
111	84	-2.621304E-08
112	84	-2.662138E-08
113	84	-2.728872E-08
114	84	-2.755416E-08
115	84	-2.773849E-08
90	85	-2.689496E-08
91	85	-2.682863E-08
92	85	-2.670766E-08
93	85	-2.694220E-08
94	85	-2.658031E-08
95	85	-2.637849E-08
96	85	-2.598564E-08
97	85	-2.600479E-08
98	85	-2.581687E-08
99	85	-2.552006E-08
100	85	-2.542057E-08
101	85	-2.562516E-08
102	85	-2.623970E-08
103	85	-2.614083E-08
104	85	-2.558921E-08
105	85	-2.524842E-08
106	85	-2.521709E-08
107	85	-2.479939E-08
108	85	-2.528888E-08
109	85	-2.548282E-08
110	85	-2.574236E-08
111	85	-2.534443E-08
112	85	-2.578756E-08
113	85	-2.645487E-08
114	85	-2.657410E-08
115	85	-2.644382E-08